-0.1178247
-0.112267226
-0.09391273
-0.072901756
-0.04667443
-0.019839374
-0.012179426
-0.088691406
-0.090297624
-0.10499785
-0.10315245
-0.07279994
-0.06353406
-0.04311701
-0.015680257
0.0028013857
-0.083137624
-0.015706299
-0.06529857
-0.062540844
-0.04829623
-0.040378634
-0.021693483
-0.030832173
0.008672637
-0.015732607
-0.1377734
-0.02909516
-0.27391028
0.037961133
0.09404002
-0.09003869
-0.022319337
-0.047725488
-0.0041354657
0.0066800695
-0.0064035873
-0.0006582194
-0.001409365
-0.019243155
-0.02174529
-0.020046579
0.039583903
0.055242766
0.13379304
0.11016115
-0.11709162
-0.07958888
-0.01399669
0.021352408
9.964107e-06
-0.0032214078
-0.008600049
0.022678109
0.004429647
0.008032788
-0.0052580163
0.022802431
0.068307176
0.014387577
0.0826768
-0.1843425
-0.14802237
-0.06918373
-0.01617868
0.0082826335
-0.0040572635
-0.024064228
-0.010045522
-0.014195323
0.0044956924
-0.027977418
0.051551837
0.018069776
0.07014994
0.057348035
0.09102107
0.11201026
-0.20595716
-0.15931383
-0.048777763
-0.0009452934
-0.023485146
-0.0022116993
-0.013393859
-0.007844277
-0.01768882
0.002711776
0.017816998
-0.0035736742
0.034473017
0.054911464
0.06819627
0.102156006
0.118965946
-0.22309157
-0.18325637
-0.042810317
-0.009642597
0.005082584
-0.013260863
-0.0006776107
-0.004411578
-0.0022333201
-0.009318787
0.013798147
0.03406389
0.015055426
0.04000317
0.007838554
0.1132442
0.1176128
-0.22276689
-0.19886702
-0.07393238
-0.020353403
-0.014318277
-0.006758066
-0.018775595
0.015546249
-0.0012450751
0.0065939003
-0.011247577
-0.00023288943
0.041899886
0.032462887
0.029986551
0.06489387
0.10119104
-0.20389834
-0.120097406
-0.038591143
-0.009104538
0.0076354477
-0.0012870432
0.002557411
-0.0030629588
0.02257829
0.009629843
-0.0010227498
0.028166331
0.006099112
0.046312902
0.0298371
0.07007835
0.093638994
-0.20794927
-0.16607633
-0.071725056
-0.01908198
0.021979278
0.031439073
0.008113102
0.023241786
0.030665513
0.019783746
0.03182534
0.0024115012
0.06015264
0.051681887
0.031290516
0.080795094
0.09164308
-0.21206614
-0.1808547
-0.057126738
0.0062555047
0.020599356
0.023216095
0.04574323
0.04280686
0.0349798
0.053706
0.031207798
0.053074606
0.021178262
0.0997232
0.08000534
0.06690683
0.0880105
-0.16332337
-0.11069628
0.006853108
0.02259638
0.029023198
0.021658786
0.03453017
0.05518067
0.03221006
0.045150224
0.036417224
0.13419259
0.063090965
0.074600585
0.08402032
-0.15150924
-0.098098665
-0.07027517
0.0006268385
0.014864065
0.018460136
0.034259126
0.05744939
0.059172932
0.049508322
0.06250023
0.051866952
0.10223047
0.106814064
0.099562265
-0.11376303
-0.08709718
-0.04028158
0.021318974
0.04541887
0.020677794
0.070129156
0.03824026
0.086758606
0.053213324
0.099308394
0.085429974
0.10242042
-0.08315091
-0.044103663
-0.0045185112
0.02688129
0.06223763
0.0847661
0.071405545
0.07859369
0.11497806
0.10697364
0.10238928
-0.010191469
0.023420133
0.05434586
0.0739259
0.080588154
0.09081705
0.10606583
